50 50
1
300
42 18 -50 14
20 25 8 58
13 15 -5 -15
32 28 41 41
46 43 -14 7
42 5 3 -18
43 33 -34 1
19 46 -24 27
22 39 -38 49
18 50 44 15
4 12 -17 2
24 15 -39 21
4 19 -6 27
13 8 9 17
24 42 28 9
17 36 -8 70
39 7 -8 20
15 49 -45 26
41 30 0 50
7 2 -2 73
30 24 4 64
7 41 26 46
32 9 -11 24
27 24 -12 17
19 33 -9 9
34 16 8 19
5 31 -44 57
24 37 -5 1
25 23 -21 50
28 24 -38 77
37 41 -14 41
6 18 24 35
32 3 0 30
42 25 -20 46
8 42 -13 -13
8 38 33 33
46 10 8 -11
46 10 -4 2
7 31 18 -7
1 42 5 42
11 10 -13 4
49 34 -9 75
3 1 -14 71
25 21 -29 76
49 50 34 48
32 35 49 33
19 39 38 -20
28 18 43 8
28 18 -29 -13
11 18 -36 -7
10 17 1 15
1 50 6 -1
49 4 -42 4
45 10 -48 69
46 36 -7 73
24 38 -47 -6
49 1 -32 38
31 47 31 78
40 49 7 -11
23 23 42 18
39 30 7 70
9 42 38 -5
7 12 -16 -18
23 6 -4 8
13 37 -17 55
20 43 -34 24
32 49 1 2
22 50 26 37
43 40 -38 55
1 11 19 -17
12 39 39 -19
6 24 35 -18
33 36 -24 68
18 8 -18 12
20 5 39 1
27 30 42 48
26 6 -1 14
42 13 10 25
19 4 -27 19
30 47 -21 67
50 38 -1 46
44 46 -34 77
37 6 32 68
6 35 -49 -6
17 22 13 66
14 6 3 65
13 9 -5 12
14 7 8 1
47 33 -6 61
47 23 11 9
36 1 16 53
36 1 -11 72
4 25 -40 34
46 50 -37 66
46 50 -32 48
38 6 41 38
3 26 -36 57
15 25 24 14
23 10 20 13
38 48 27 -2
24 21 18 43
43 36 30 -18
14 28 49 -18
28 26 -26 23
24 23 31 41
4 33 43 -15
26 32 -8 72
23 37 -50 44
38 11 24 -7
21 21 -17 15
12 11 17 76
12 11 44 20
46 25 -25 -1
27 45 -48 38
22 17 43 58
2 35 14 -2
20 3 37 -20
11 27 7 -10
21 16 -23 56
44 9 -41 44
33 37 37 45
28 25 -23 5
30 29 -30 3
3 13 46 3
38 12 -25 75
15 11 -34 -18
31 27 21 -9
12 48 -30 33
41 25 13 68
41 2 -21 42
1 14 28 38
16 8 -50 57
9 40 10 -17
8 25 -42 57
14 38 0 -19
11 29 34 73
6 41 -46 -9
36 7 0 52
24 36 -34 36
27 8 7 6
38 22 11 49
38 22 -38 -3
18 47 -9 65
24 30 15 9
10 33 5 76
4 13 -16 64
5 23 19 37
33 14 33 -13
12 36 -2 47
26 39 -8 3
5 12 25 21
10 26 20 1
27 35 33 -15
1 49 -49 59
44 35 -16 17
7 44 -45 56
13 49 -50 61
14 42 5 35
43 13 27 -9
25 29 -7 32
47 24 -37 20
26 23 -40 -2
18 33 45 -8
20 32 38 20
36 41 39 77
41 46 -36 33
2 41 8 24
36 10 -45 72
15 32 -21 -17
26 9 47 72
50 7 -23 41
18 42 -10 9
14 25 27 -19
16 34 42 -7
25 2 9 72
21 29 34 7
26 37 20 78
26 37 -47 -16
22 14 13 -14
11 22 -10 69
15 43 -37 -1
15 43 -18 -2
1 6 -11 55
4 23 -3 78
35 49 14 51
14 26 -38 25
47 29 12 49
20 36 -6 69
16 41 -42 25
19 21 -27 -19
33 23 37 32
21 14 -47 -19
24 28 19 -20
16 16 -7 8
48 39 -13 23
10 14 31 29
39 43 10 -12
22 9 38 34
47 41 -7 29
31 21 17 28
37 34 -24 15
36 39 -21 33
25 49 9 3
8 17 5 24
19 27 -25 -9
6 2 46 29
35 16 -8 44
26 14 46 22
49 23 -44 6
49 23 -45 -16
27 13 43 55
16 37 -9 16
15 45 2 36
37 39 5 62
16 32 -9 10
26 12 36 17
41 1 -16 42
44 4 2 -4
9 13 4 13
4 35 6 -17
49 25 -37 -3
10 29 30 -20
19 9 5 30
12 15 26 -17
44 10 11 -18
44 10 3 62
44 10 -27 -18
32 20 9 58
9 20 -47 51
46 32 42 -16
36 14 39 78
23 39 -40 17
12 35 11 -12
10 44 19 -5
38 20 -50 38
22 15 -35 -3
6 16 -11 10
13 39 4 62
36 11 24 64
31 16 -9 31
16 30 48 -10
24 39 -18 57
7 40 -42 -7
42 41 13 3
29 35 -50 58
22 36 21 54
34 18 45 33
19 26 -21 56
19 26 43 -11
37 31 -1 -4
18 29 14 59
22 6 -34 6
17 27 37 46
32 15 36 20
22 13 14 1
10 16 23 -18
25 42 12 25
24 32 18 -14
19 3 -43 -13
32 13 -20 16
15 10 6 64
41 44 2 76
5 46 -2 -12
5 46 -36 11
40 9 -46 2
46 3 29 49
39 24 16 -2
10 49 46 66
13 34 -28 38
47 43 -25 17
48 9 -43 -18
49 31 -50 72
29 50 -2 32
33 41 25 -5
13 18 47 16
19 48 1 8
17 31 -25 29
9 30 -10 0
11 48 5 42
26 43 4 41
49 47 -4 -6
39 20 13 18
26 16 25 1
16 29 20 14
6 15 12 37
12 25 19 29
31 24 -17 30
26 11 -14 17
38 29 -14 73
15 15 -1 71
36 6 -46 17
38 24 20 44
9 19 35 61
3 24 44 32
27 27 22 76
50 41 -31 54
44 12 39 21
20 16 35 -15
17 1 -41 -5
15 17 24 73
10 1 23 75
40 12 18 52
9 32 -24 48
11 23 29 54
11 3 41 62
46 15 14 54
3 6 24 40
23 22 -3 2
28 40 45 -15
45 1 4 23
45 1 -11 52
29 13 17 42
9 16 -27 -12
10 35 36 -16
20 9 2 945
17 1 0 367
38 33 2 556
48 22 2 283
32 27 0 583
24 33 0 18
21 12 0 182
41 26 2 324
28 20 2 643
28 19 3 68
47 34 3 828
27 22 0 697
4 28 1 408
9 36 1 238
44 14 2 501
29 12 1 650
43 5 1 869
16 18 1 713
35 23 2 972
2 43 1 177
21 3 1 364
41 24 3 237
30 46 3 169
43 11 2 182
27 38 0 670
2 9 0 213
34 37 2 742
23 29 1 434
19 4 1 867
39 32 2 257
15 49 1 458
14 7 2 807
40 36 3 365
37 37 0 833
31 49 0 928
34 41 3 766
11 50 0 837
33 29 1 352
45 45 0 608
48 33 0 535
15 48 1 243
16 42 0 189
13 49 3 523
25 34 0 891
5 41 3 697
31 29 0 931
41 38 1 899
34 39 1 492
3 12 2 560
41 48 1 785
41 6 0 791
11 50 3 578
22 28 1 73
21 48 0 826
41 33 3 578
19 40 1 159
25 23 0 380
18 9 3 477
21 8 2 196
23 12 1 19
7 41 3 163
17 33 1 452
5 14 0 862
11 16 3 904
37 31 0 198
38 35 1 240
7 21 2 241
50 24 1 758
22 46 0 296
29 29 2 579
28 1 1 7
32 46 0 678
4 50 1 784
44 9 3 172
30 15 3 168
42 24 0 922
2 37 2 144
28 18 0 629
25 42 0 469
47 44 3 91
50 8 0 640
37 2 2 487
13 6 2 183
31 48 1 65
14 12 2 578
29 41 3 611
46 21 1 975
1 50 1 333
15 33 0 7
47 18 2 522
11 42 3 231
6 30 2 321
2 48 2 208
27 10 2 189
17 37 0 455
15 11 1 253
49 4 3 861
33 6 2 197
3 22 1 296
22 6 0 947
19 36 2 376
10 49 1 74
23 36 0 643
4 33 0 747
27 29 1 450
12 50 3 855
17 24 1 561
24 25 1 550
32 38 2 699
44 16 1 172
32 13 1 476
48 41 1 671
23 33 0 989
16 32 1 658
7 29 2 948
22 17 1 396
21 45 0 529
10 35 2 969
18 16 0 626
19 7 1 928
19 41 1 199
37 50 2 420
22 14 1 415
19 31 3 331
38 45 3 186
11 28 3 74
3 22 1 268
36 38 0 311
28 7 2 768
14 1 1 542
39 39 1 355
48 32 0 93
38 12 1 493
2 33 1 447
4 5 3 84
26 22 1 964
23 7 3 656
44 31 0 80
12 14 3 968
17 30 0 768
32 34 3 779
10 4 3 936
16 25 3 720
31 27 1 455
22 9 0 559
3 33 0 905
26 13 2 885
31 37 2 797
9 31 0 340
9 44 2 740
25 24 0 97
36 23 3 400
6 17 0 141
32 19 0 315
26 10 0 12
6 13 2 43
22 23 0 512
19 19 2 717
1 41 3 335
20 46 0 303
30 50 3 105
12 32 1 652
34 30 2 987
4 34 2 420
19 45 1 63
3 15 2 769
6 48 3 594
27 27 0 323
30 41 2 588
22 46 2 221
34 40 2 955
30 7 3 262
38 47 0 33
36 30 2 993
13 16 1 1
8 18 2 669
22 8 1 998
48 19 0 838
23 14 0 28
2 24 0 490
2 28 0 197
22 14 3 301
22 16 1 421
11 46 2 741
13 2 3 15
44 39 2 279
9 5 3 822
46 39 2 144
40 5 3 604
26 29 1 724
31 34 2 223
31 47 1 987
6 17 1 750
39 14 1 135
10 31 0 224
38 25 0 920
44 6 1 734
7 7 3 184
33 20 0 741
35 30 3 279
18 37 2 125
38 29 1 119
38 42 3 556
11 2 0 793
37 31 3 875
35 25 2 719
27 42 1 351
41 25 3 72
40 38 3 490
44 4 1 63
4 6 3 176
46 40 2 468
34 40 1 515
44 27 2 722
29 32 2 399
42 24 2 943
44 50 3 702
3 42 2 687
42 38 0 413
17 41 3 162
27 11 2 877
11 40 2 705
14 23 2 195
11 39 3 588
46 18 3 425
40 43 3 63
3 18 3 99
27 4 3 48
21 37 3 458
7 6 2 531
20 26 3 556
46 45 3 591
39 16 3 450
23 42 1 383
26 43 0 569
5 29 1 585
34 44 3 490
1 34 3 722
12 41 1 338
9 48 2 352
30 3 2 683
3 19 3 422
36 9 2 361
45 50 2 188
43 8 3 941
20 46 1 380
15 11 1 61
24 5 3 462
3 20 1 154
3 25 2 149
45 45 2 49
16 14 1 552
21 32 3 747
20 49 3 498
3 30 3 53
23 39 2 563
1 23 3 240
43 2 1 580
17 27 0 178
16 49 3 798
36 8 2 883
3 13 2 420
23 24 2 841
39 18 0 717
49 18 1 749
40 33 1 619
4 31 3 28
40 3 0 630
15 8 0 295
32 41 1 610
22 37 3 459
41 34 1 37
31 25 2 993
4 12 2 290
8 48 3 151
41 18 3 640
17 34 3 661
46 37 1 651
2 41 1 209
34 1 1 58
26 32 3 787
38 50 3 504
39 1 1 530
19 6 0 540
10 23 0 398
49 36 2 481
18 44 1 596
47 39 2 670
27 6 3 917
11 3 1 758
6 16 1 726
35 10 0 393
24 43 1 193
38 4 3 690
45 19 2 627
40 49 3 879
50 32 3 669
49 50 3 436
24 44 2 731
12 35 3 385
17 44 2 704
4 9 0 223
43 18 1 48
31 12 2 814
28 44 3 604
25 46 2 506
40 9 1 809
48 41 0 818
26 27 3 89
17 13 2 840
27 46 2 641
2 10 3 187
36 41 2 250
6 32 2 128
28 13 1 424
23 33 0 885
47 40 3 478
26 16 1 260
29 22 0 855
28 24 3 134
26 37 1 334
38 11 2 974
7 22 3 80
46 33 2 825
24 13 2 37
6 13 0 717
40 48 3 946
32 16 2 839
30 46 3 394
46 23 2 675
23 24 2 480
48 43 3 608
28 26 1 134
29 33 0 169
29 40 1 138
27 14 3 677
25 32 1 700
13 3 3 448
35 17 3 137
44 35 3 944
22 9 0 643
28 20 1 857
42 15 3 623
23 30 3 841
16 37 3 957
1 3 1 93
30 49 2 227
25 25 1 274
36 39 2 170
30 35 2 909
24 36 0 400
44 6 1 412
18 8 0 677
5 41 3 834
22 36 2 734
43 49 2 86
22 25 0 597
5 20 3 108
44 19 2 366
39 1 2 819
41 35 0 339
9 33 2 478
38 40 0 74
28 5 1 988
49 43 1 2
5 47 1 56
34 9 1 761
37 5 2 385
43 11 0 161
44 29 1 187
14 42 3 934
7 12 3 12
10 2 2 738
25 8 0 7
2 2 2 489
42 41 0 13
6 11 0 93
3 27 1 543
17 2 0 275
33 12 3 469
30 8 3 892
4 43 3 570
23 8 1 494
41 34 1 262
8 39 3 360
22 5 2 947
24 30 2 489
38 7 2 632
40 17 3 522
11 4 3 705
10 37 1 687
43 18 0 45
39 3 2 154
34 11 3 919
39 18 2 776
15 21 3 53
20 17 2 722
8 14 3 260
44 31 3 717
27 15 1 626
35 21 0 171
15 5 1 866
15 26 0 0
1 2 3 476
44 28 1 789
36 23 0 434
12 14 2 504
39 9 2 157
24 15 2 74
38 32 3 318
43 42 3 832
12 42 2 461
49 20 0 291
30 18 2 317
46 42 3 936
29 4 1 909
32 4 0 569
34 18 2 385
31 8 3 681
11 17 3 687
28 46 2 764
22 48 0 115
12 8 1 405
22 31 2 740
26 21 1 790
49 37 1 604
32 45 2 388
19 20 3 259
10 20 0 479
1 47 2 853
31 44 1 806
5 23 2 160
5 34 1 146
22 29 1 559
22 39 1 366
36 21 1 329
11 9 2 982
7 29 1 979
38 39 3 469
41 46 1 266
10 8 2 317
4 36 1 258
44 44 3 466
41 45 2 937
13 48 3 551
18 43 1 292
31 14 2 296
40 29 2 809
45 41 1 182
21 44 2 292
15 28 2 807
6 14 1 11
44 15 3 203
13 32 1 946
49 19 3 624
5 36 1 127
41 13 1 127
18 41 0 142
1 9 2 476
36 31 3 831
38 24 3 922
30 12 2 211
31 4 1 293
36 29 0 443
6 22 0 270
26 32 2 640
41 37 0 834
40 16 0 796
13 3 3 731
15 8 0 248
21 1 1 182
44 50 0 332
32 26 2 4
27 17 1 738
24 44 0 441
46 19 3 659
29 30 2 88
14 30 2 569
30 28 2 837
16 43 0 723
49 24 0 153
46 48 0 508
12 44 1 665
3 11 0 828
6 16 1 23
16 4 0 805
29 46 1 840
36 1 2 968
34 36 1 348
33 7 0 910
33 2 3 306
11 22 1 527
44 19 3 233
22 4 3 942
30 35 1 512
31 12 2 234
27 7 3 191
39 28 0 719
25 44 0 435
45 33 3 867
6 47 1 686
41 38 3 850
29 7 3 677
43 1 1 811
44 46 3 16
5 7 1 368
36 49 1 325
24 13 1 618
47 40 2 86
47 44 3 522
31 6 3 358
21 41 3 873
14 5 0 896
1 42 2 641
26 14 1 824
46 4 1 594
18 38 3 640
42 26 0 534
1 8 0 621
44 18 3 717
44 44 3 639
26 29 0 978
1 43 2 444
24 4 3 36
47 27 0 61
39 22 1 886
50 7 3 728
2 20 2 991
18 47 3 93
22 13 3 867
45 48 0 201
43 5 0 768
42 47 0 262
45 19 3 625
35 25 3 984
50 15 3 695
33 2 2 537
14 2 2 219
18 34 0 918
3 37 0 269
38 48 0 424
28 49 2 993
22 20 1 893
15 5 3 484
46 12 0 293
49 41 2 299
44 25 2 549
15 24 2 69
16 34 3 238
3 14 1 508
39 46 0 231
7 22 1 368
9 8 2 647
39 23 2 723
7 40 1 156
2 24 2 118
48 37 2 591
11 14 0 651
45 44 1 741
29 50 2 705
36 28 0 624
7 18 3 227
3 37 2 468
30 12 2 489
41 26 0 410
40 47 0 950
23 30 0 672
28 4 2 976
36 3 1 751
2 2 1 435
23 17 0 716
12 26 0 838
40 45 2 56
3 9 1 588
37 9 0 777
30 48 0 549
46 29 2 62
20 28 3 91
36 32 0 406
5 20 0 709
22 46 0 465
11 48 2 335
28 50 2 5
39 26 1 143
31 38 2 555
4 1 1 754
39 16 2 8
41 50 3 997
5 5 1 237
50 43 0 613
33 34 1 351
38 34 0 600
34 8 2 968
19 9 0 641
38 35 1 499
20 34 0 256
41 38 2 12
21 36 3 663
48 28 2 774
4 34 2 878
25 35 1 75
13 35 0 624
5 23 1 55
13 24 0 84
23 4 2 397
1 38 2 917
32 48 0 505
8 50 2 290
36 48 0 84
26 47 0 855
39 43 3 428
43 38 3 506
4 44 2 505
10 25 1 854
40 7 0 209
50 26 1 36
48 19 3 13
13 47 1 909
31 41 3 34
37 24 0 666
37 38 1 416
50 22 1 844
36 1 1 590
26 19 2 668
30 9 1 541
37 31 2 716
35 48 0 328
5 1 0 523
12 41 0 250
34 17 2 141
46 7 0 88
8 17 2 857
50 25 3 155
41 33 0 858
18 41 3 967
35 47 2 462
40 27 2 95
15 1 3 586
27 23 1 879
13 27 1 164
21 39 0 312
12 31 3 200
7 12 3 647
9 41 3 452
19 20 0 7
48 28 1 675
10 22 3 642
37 22 2 501
30 9 1 436
48 5 2 798
6 39 1 32
17 32 3 579
28 22 2 313
41 17 3 488
40 14 3 259
22 34 2 364
13 35 1 759
25 34 2 59
50 46 1 522
17 28 1 52
42 39 3 310
6 38 2 224
40 42 0 648
35 19 0 441
19 25 1 176
34 42 2 745
16 25 2 252
7 25 1 966
45 41 0 334
27 28 2 205
42 42 3 465
22 10 1 700
17 44 0 624
6 8 2 502
26 47 1 632
47 46 0 3
2 27 0 153
50 1 2 405
26 21 3 336
44 24 0 532
47 11 0 776
1 41 0 795
1 16 1 36
11 35 2 729
1 33 0 806
35 41 2 617
17 17 1 388
2 11 2 450
22 44 2 38
44 46 2 280
18 21 3 345
16 47 2 833
33 40 3 839
18 30 3 753
14 1 1 252
12 2 3 318
14 8 0 554
18 12 0 429
17 32 2 942
23 6 1 587
9 15 2 762
47 16 1 380
47 41 2 297
15 45 2 584
16 1 2 206
3 47 3 833
18 16 3 645
5 49 3 919
39 22 1 592
48 10 3 652
9 23 1 859
50 50 0 120
37 35 3 912
4 36 3 741
18 9 1 844
32 30 3 108
10 7 3 849
27 25 2 607
35 29 1 546
32 15 0 149
39 8 0 793
6 48 3 217
42 44 1 133
30 37 1 555
5 31 0 252
30 39 2 870
23 27 3 701
37 32 3 480
11 15 1 938
41 39 3 981
43 19 3 70
12 20 2 781
34 23 2 563
3 29 2 721
48 46 2 406
37 45 0 577
34 48 1 240
15 24 1 337
19 31 2 255
9 13 2 656
2 43 2 276
3 35 2 23
13 1 3 475
1 46 0 488
2 34 0 798
49 35 3 245
13 44 3 258
22 17 0 172
42 34 3 88
27 17 3 298
34 6 2 997
20 26 3 917
21 31 3 442
40 24 1 480
28 37 1 381
23 46 1 979
14 36 3 735
37 47 1 648
3 22 2 260
37 39 0 919
43 16 2 278
47 37 0 11
48 22 1 202
3 15 0 539
8 21 2 920
10 31 3 298
11 11 3 591
34 26 3 136
26 41 0 376
23 4 3 86
16 43 2 495
7 37 2 437
27 15 1 85
9 41 2 360
5 13 2 752
7 26 1 630
30 30 2 313
18 22 3 145
20 40 1 308
13 24 2 681
48 4 0 708
16 30 1 66
14 22 3 541
32 23 2 514
39 21 3 168
6 1 0 444
29 7 1 427
24 22 1 327
12 24 2 934
38 18 1 463
27 46 1 495
7 21 1 859
47 34 0 223
30 20 1 126
36 16 0 371
8 22 3 87
20 47 0 715
43 4 2 257
10 8 1 886
16 37 3 19
14 36 1 28
19 20 3 456
29 25 3 395
25 17 3 24
36 23 1 971
46 25 3 38
9 46 3 722
32 4 0 232
41 31 1 408
3 9 1 818
12 21 0 28
14 33 2 92
18 21 2 358
38 45 0 983
15 15 2 746
26 6 3 163
43 32 0 619
19 29 0 948
30 42 3 766
9 27 3 825
19 21 2 35
7 48 2 156
11 2 2 208
45 40 0 524
45 41 0 189
20 2 0 702
24 40 3 609
38 37 3 416
20 24 2 899
16 45 1 436
29 27 0 858
47 38 0 915
17 39 2 382
34 16 0 56
13 17 1 524
43 35 1 872
47 27 2 582
26 17 0 665
10 6 0 417
5 44 3 824
23 22 1 733
18 44 0 873
26 25 1 985
23 9 2 395
21 42 1 988
23 28 0 193
5 23 1 876
17 4 0 90
40 4 3 979
23 3 1 602
5 30 2 734
25 27 2 463
23 49 3 453
8 19 1 333
46 30 0 661
10 12 0 907
23 46 0 592
29 47 3 811
36 30 0 716
7 9 0 749
47 25 2 120
7 34 2 445
42 39 0 538
5 28 2 353
5 24 1 852
12 43 1 724
36 41 0 146
6 5 1 741
32 30 3 102
43 33 3 312
12 48 2 405
20 10 3 628
29 31 2 471
41 7 0 148
46 26 2 210
17 31 0 815
27 23 1 479
33 6 1 536
6 38 2 732
16 15 3 518
33 9 2 896
29 39 3 245
20 45 1 362
50 19 2 467
44 12 2 603
37 27 0 603
1 19 3 423
47 17 1 230
3 1 1 617
37 19 3 597
25 29 2 260
26 18 2 312
3 20 2 562
12 36 3 890
15 1 1 960
18 5 1 787
16 43 1 88
16 30 0 837
20 37 1 830
41 22 1 319
27 21 2 411
44 35 3 357
37 30 1 950
6 16 1 334
45 43 3 270
18 14 1 253
28 11 1 505
42 13 2 576
23 35 2 16
44 46 3 852
22 12 3 344
17 36 2 439
8 19 2 554
33 50 3 20
49 43 2 916
30 17 2 59
34 50 1 135
21 22 0 342
28 7 2 295
4 3 3 718
36 29 0 678
2 50 1 364
27 8 1 737
39 44 1 96
44 19 3 873
10 47 1 381
40 35 3 923
32 50 2 442
1 38 1 40
24 39 3 467
1 9 2 606
14 21 2 366
36 24 2 229
7 21 0 175
34 39 2 619
41 26 3 469
42 48 2 545
9 9 3 794
42 38 0 900
26 37 2 438
31 36 0 13
4 28 2 285
21 37 2 281
50 49 3 77
36 24 3 137
32 18 3 233
27 30 0 731
43 18 0 0
17 35 1 999
41 32 1 623
32 50 3 539
26 50 1 363
27 2 3 424
40 36 3 24
46 21 1 483
43 3 1 324
41 6 2 468
44 31 1 756
15 31 2 458
25 9 3 311
18 29 3 590
31 21 0 990
1 15 0 275
33 12 0 106
45 27 2 436
43 39 1 838
13 48 3 446
3 22 2 256
8 17 2 250
46 26 2 148
25 44 0 429
14 17 2 858
2 12 3 655
25 33 2 139
25 1 1 575
27 1 0 424
38 46 1 525
2 39 0 794
7 26 2 71
35 20 3 979
9 8 2 845
39 7 0 820
17 23 1 957
22 6 1 389
30 29 3 39
45 41 2 648
18 43 2 530
49 7 2 990
44 40 1 301
28 20 1 393
32 43 2 135
43 31 1 616
18 8 1 920
17 22 2 782
7 42 3 870
46 44 3 763
43 36 0 217
32 18 0 721
23 29 1 230
25 50 3 153
