41.49
0.00
41.48
41.48
41.49
46.14
38.51
39.15
37.01
38.51
40.39
37.57
37.24
37.92
47.75
40.47
38.59
37.04
37.94
42.18
79.41
42.67
39.93
40.72
40.62
37.75
38.29
41.89
37.57
41.26
38.61
42.54
41.44
39.37
38.05
40.76
41.23
39.22
39.31
38.07
48.35
39.81
44.86
38.13
37.42
41.45
37.55
40.75
38.72
38.33
38.60
40.53
37.79
34.04
40.73
41.50
46.67
39.98
42.92
38.45
38.76
41.56
38.01
36.95
20.00
40.57
42.29
40.36
38.42
37.81
38.12
35.44
39.55
38.87
36.88
39.77
41.08
58.73
44.65
38.27
40.11
41.33
41.64
43.95
39.59
39.67
31.22
38.43
40.76
39.86
39.93
40.86
39.84
38.22
38.75
44.30
38.83
43.60
41.41
39.21
39.29
44.83
43.91
39.79
42.72 