45
0
0
0
0
0
0
0
0
-48
-48
0
0
0
-763
-97
30
33
-32
0
47
12
108
6
-79
73
217
140
106
24
-163
253
374
130
30
1
44
43
24
53
322
11
125
76
24
267
-57
25
60
340
-131
-160
25
-92
-133
10
318
152
247
94
-145
262
244
53
-170
-67
21
82
-24
-68
20
44
7
42
-146
12
330
342
-98
-62
76
2
-121
96
0
-57
-982
34
-10
-174
-158
211
22
-23
-151
34
-6
32
168
84
-215
-245
45
-95
91
115
130
36
-20
0
-261
15
101
320
74
-50
190
-546
24
-120
124
109
247
-72
74
50
18
81
336
41
-6
345
-404
164
-44
41
96
-17
28
-7
101
38
114
120
40
-14
-124
124
-14
33
28
-50
319
248
-18
367
261
-104
143
238
126
-114
-20
459
-51
112
-8
-42
-45
-16
160
295
52
-121
-20
263
102
105
-72
267
341
3
-24
-18
650
33
-17
102
0
161
187
-186
46
149
160
-6
139
514
-2
-57
302
15
77
131
44
97
88
19
55
35
-179
-16
61
71
-6
-28
70
191
117
43
-131
-21
-25
-41
-6
-42
262
37
107
88
57
471
29
20
115
482
186
203
-25
-91
88
9
186
113
200
66
-88
21
80
66
295
253
-53
252
167
189
33
-80
-261
21
-1
134
87
-6
-48
-450
286
-30
-36
-20
57
-83
-72
-55
-208
105
358
17
-199
54
-40
-136
8
52
24
2
79
76
117
88
-12
39
130
8
271
68
-98
100
177
16
-46
-27
121
164
68
-33
15
56
190
-12
-20
50
13
138
13
53
-40
190
75
0
60
-9
-39
308
-3
-6
119
25
-103
-14
-117
-40
70
45
30
143
-32
-217
56
186
25
-154
51
361
143
-63
32
-130
30
119
294
134
35
-133
159
35
119
353
210
-45
45
182
-54
-125
80
-99
69
223
24
71
176
9
203
-178
-145
266
-38
-247
0
46
-146
69
-10
-61
-21
-2
259
7
124
-7
64
382
67
55
78
-733
124
-23
-382
330
179
73
-24
182
472
-12
22
121
110
24
287
72
-85
67
-10
135
0
151
-183
2
81
11
-31
61
62
342
-42
-29
279
99
-142
3
56
312
0
25
112
-416
27
21
0
-86
85
-5
-17
-47
-29
57
72
-7
319
299
67
47
76
214
10
18
318
-21
138
-8
55
-2
-656
12
-6
15
-122
-29
-24
52
94
210
353
86
17
10
-55
238
25
-170
259
8
-3
27
0
61
-55
-89
43
159
604
486
-105
44
-7
317
24
275
89
79
123
78
12
281
5
367
-114
86
-10
-39
-97
-165
504
-13
56
-147
-16
151
24
119
-72
52
12
382
243
400
160
-212
109
-31
172
-85
2
91
285
-2
-63
-110
-192
319
9
-586
55
-170
-98
-101
153
134
34
58
152
-185
41
106
86
134
-42
40
-65
1
-8
191
-121
57
291
364
-14
5
299
11
87
158
-25
-22
-573
78
-31
-67
229
-231
24
105
-133
287
-48
139
-214
59
-14
89
5
129
-93
252
0
19
195
339
-8
44
100
22
-160
-119
-224
201
-23
50
0
277
-89
336
86
55
-44
-9
-87
282
59
201
25
115
-65
244
382
333
-33
-26
-47
-402
33
156
34
-132
2
295
10
-374
4
180
-62
47
4
231
-407
-14
144
32
25
35
67
-25
41
90
242
-56
0
2
172
141
-5
-144
-129
3
53
66
-99
69
87
34
7
-10
-81
-241
19
-74
51
35
70
299
82
160
59
236
-23
124
85
0
32
-256
110
-78
-170
117
14
160
274
349
8
143
24
11
22
634
250
276
1
63
84
93
48
163
168
-47
60
420
-41
231
95
636
-30
-158
240
68
-113
-990
301
42
349
246
82
6
-170
89
64
-114
-119
-72
214
106
248
-44
66
215
299
267
4
16
94
42
116
55
214
14
116
-603
217
39
104
-10
-46
140
84
270
167
57
42
33
346
27
76
-55
-39
-9
-23
-15
336
78
250
80
178
-2
34
-581
25
-57
126
137
78
-5
54
191
-239
14
100
-46
34
460
32
31
376
-124
45
323
-18
41
-58
29
63
-39
347
36
-25
-259
12
9
3
20
588
-67
-17
281
-45
5
115
65
161
-10
-59
304
63
220
14
130
58
50
23
172
334
73
373
15
68
33
-53
-8
116
-90
31
-138
66
223
115
21
176
121
33
26
214
-29
100
44
267
124
228
-24
-39
308
-61
161
80
212
-76
124
-130
105
214
-32
-19
319
42
58
-63
58
-42
-17
-61
181
-6
109
-947
-8
142
-32
12
265
-102
-25
164
1
139
108
65
92
244
-1143
189
38
3
368
436
15
-83
11
94
31
-5
40
-119
89
-6
2
-136
37
46
25
31
43
80
-14
-28
266
85
227
117
41
-117
238
-3
23
33
85
168
115
-89
-74
-79
19
85
302
24
151
-24
76
0
47
75
63
80
0
42
-81
29
11
55
0
-87
-19
-20
-167
-292
71
95
-218
30
7
37
-121
234
76
76
-100
-97
153
291
10
63
19
-32
371
-36
153
231
-193
343
16
4
69
0
-251
-19
3
-42
-72
386
129
581
72
-18
212
-41
72
-5
49
291
-28
-50
244
12
348
7
81
364
267
126
-57
-97
278
-29
332
-25
-147
192
-57
312
-25
43
120
82
12
302
317
0
-25
143
10
51
267
58
47
-181
90
137
12
306
266
-134
250
102
9
76
-51
55
69
24
36
2
305
19
333
77
4
61
-97
420
-61
-218
177
6
-62
0
-218
244
610
292
65
-131
110
361
186
25
-1065
26
41
135
-14
76
35
99
35
-2
-50
274
-25
1
393
39
-135
182
71
-102
105
57
137
55
-74
58
-183
-177
-25
20
46
-14
319
82
-1237
107
230
-20
-43
86
83
41
22
336
-17
66
382
92
-56
-216
60
324
131
77
-96
-84
309
15
49
0
-91
11
27
-15
-165
-80
267
268
17
43
-69
-22
137
-60
-245
76
81
57896
